ID  名称           周回  T3a    未達位置中央値  位置分布(10分位のヒスト)  最高層中央値
S1  バランス効率型       47  39/47   78%         [0 0 0 0 3 2 3 16 10 5]   92
S2  クリック会心型       48  40/48   80%         [0 0 2 0 0 3 3 9 14 9]   94.5
S3  金クッキー特化型      47  21/47   83%         [0 0 0 1 0 2 3 3 8 4]   106
S4  狩猟特化型         47  38/47   75%         [0 0 0 0 3 5 4 15 7 4]   92
S5  研究貯蓄型         42  34/42   76%         [2 0 0 0 0 2 2 17 10 1]   93.5
S6  早回し転生型        48  42/48   79%         [0 0 0 1 1 1 5 14 16 4]   97
S7  長期育成型         24  16/24   68%         [0 1 0 0 1 2 5 2 2 3]   96.5
S8  最新設備ラッシュ型     45  36/45   75%         [1 1 0 0 3 0 4 18 8 1]   90
S9  ノルマ死守型        48  37/48   76%         [0 0 1 1 2 0 5 19 8 1]   95
S10 のんびり放置型       28  25/28   72%         [7 1 0 0 0 1 3 7 4 2]   48
